 0 
 5.440465E-06 
-1.4006E-05 
 1.150991E-05 
-4.204561E-06 
 2.099147E-06 
 2.784775E-05 
 2.442845E-05 
 1.565614E-05 
-511.9999 
 7.625853E-06 
-9.908445E-06 
 1.014554E-06 
-2.056042E-06 
-1.019336E-04 
 1.908724E-05 
-2.885328E-06 
-4.374699E-06 
-2.973125E-05 
-1.253447E-05 
-3.507575E-06 
 3.118608E-06 
-7.665313E-06 
-1.418148E-06 
-1.05458E-06 
 5.456968E-06 
 5.679551E-06 
-1.775749E-05 
 1.776218E-05 
-9.263649E-06 
-7.74746E-05 
 1.438028E-06 
-1.015646E-05 
-8.617426E-07 
-2.434722E-05 
-1.842912E-05 
 7.837056E-06 
 4.271114E-06 
-7.614202E-06 
 3.257345E-05 
-5.972055E-06 
-1.20558E-05 
 2.015358E-05 
 1.74629E-05 
-6.922506E-06 
-5.3944E-06 
 2.911016E-06 
 2.069212E-05 
-1.737892E-05 
 7.586405E-07 
 8.846379E-05 
-4.953661E-05 
 9.189241E-05 
-9.850744E-05 
-1.472528E-05 
 1.899607E-05 
-1.896352E-05 
-1.713147E-05 
-2.962975E-05 
-2.392871E-06 
-8.964435E-08 
-2.862792E-05 
-2.7392E-05 
 1.478339E-05 
-1.880232E-05 
 7.131185E-06 
-1.757927E-05 
 1.72617E-06 
-1.331039E-05 
-1.108479E-05 
 8.7443E-06 
-1.0821E-05 
 5.847781E-06 
-3.663257E-05 
 6.214148E-05 
-1.35489E-05 
 3.560667E-05 
-3.265858E-05 
-1.399648E-04 
 2.1724E-05 
-9.495692E-05 
 8.796123E-05 
 2.656744E-05 
-4.154563E-07 
-1.097087E-07 
 1.853922E-05 
 1.409351E-05 
-1.023371E-05 
 5.781596E-06 
 2.113101E-05 
 9.322976E-06 
-4.655423E-05 
 8.440697E-05 
 2.667408E-05 
-1.851708E-05 
-3.98399E-05 
 6.124201E-06 
 1.010484E-05 
-1.405951E-07 
-2.125153E-05 
 2.041114E-05 
 7.283491E-06 
-3.96328E-06 
 3.763372E-06 
-5.437067E-06 
-4.10577E-06 
-4.611922E-06 
-1.211582E-06 
 5.315967E-06 
-3.649554E-06 
-1.133981E-05 
 1.727033E-06 
-3.243907E-06 
-2.476199E-05 
 1.653289E-05 
-1.583404E-05 
-6.326965E-05 
-4.666916E-05 
 5.454784E-05 
 9.087115E-06 
-2.073656E-05 
 1.309071E-05 
 1.8879E-05 
 1.537402E-05 
-1.756821E-05 
-2.527235E-05 
 6.220789E-07 
 4.386382E-06 
-1.056605E-05 
-3.610081E-06 
 4.626439E-06 
-9.695512E-06 
 4.861944E-06 
 1.214794E-05 
-7.484506E-06 
-4.550711E-07 
-1.216659E-05 
-9.066834E-06 
 1.785851E-05 
 8.971275E-06 
-1.584442E-06 
 1.05659E-05 
-4.457054E-05 
 2.11784E-06 
 5.533989E-05 
 5.136881E-05 
-5.512853E-05 
 6.803023E-06 
 1.067122E-05 
-1.026149E-05 
-2.965799E-06 
-1.857244E-06 
-8.037804E-06 
 6.578284E-07 
-3.578875E-07 
-9.687425E-06 
 1.256593E-05 
 1.086459E-05 
-6.759122E-06 
 3.496847E-05 
-3.686217E-05 
 1.288609E-05 
-4.55014E-06 
-1.451748E-05 
-7.909952E-06 
-2.041059E-06 
-1.510531E-05 
-1.475967E-05 
-8.06059E-06 
-1.097622E-05 
 8.742785E-06 
-1.029841E-05 
-5.519239E-07 
 1.295829E-05 
-7.631816E-06 
 2.257745E-05 
-5.104956E-06 
 2.071764E-05 
-3.306552E-05 
-2.089349E-05 
-3.606453E-06 
 2.362041E-05 
-1.282947E-05 
 5.162437E-05 
-1.254164E-05 
-8.76475E-06 
 6.45091E-06 
-6.208724E-07 
-4.727678E-06 
-2.35015E-05 
-1.14299E-05 
 7.972498E-06 
-1.354946E-05 
-1.184068E-06 
-1.632893E-05 
-2.303112E-06 
-7.070913E-06 
-1.415053E-05 
 7.003213E-06 
 6.705699E-06 
-3.295429E-06 
 1.013509E-05 
-1.050466E-08 
-1.15101E-05 
-1.674883E-05 
-1.918995E-05 
-2.692223E-05 
 1.016707E-05 
-1.945984E-05 
-4.354785E-05 
 1.060279E-05 
-3.271922E-05 
-8.683955E-06 
 1.088153E-05 
 4.327144E-06 
 9.197865E-07 
-6.744639E-06 
 1.933645E-06 
-1.287658E-05 
-8.672061E-06 
 2.268265E-06 
 3.547251E-06 
 7.474425E-07 
-3.710356E-07 
 1.132215E-06 
 1.810168E-06 
-3.337369E-05 
-3.032658E-05 
 1.150643E-05 
-2.510877E-05 
 1.032658E-05 
 9.393207E-06 
 2.632704E-05 
 2.058282E-05 
-9.912905E-06 
-2.786396E-06 
 9.489002E-06 
 2.307835E-06 
-7.533361E-06 
 2.268693E-06 
 3.358259E-06 
-6.774584E-06 
 5.690079E-04 
-1.022904E-05 
-1.052719E-05 
-1.575255E-05 
-8.39169E-06 
-6.027686E-04 
-4.364984E-05 
-1.074819E-05 
-5.265616E-06 
 5.406058E-06 
-1.553764E-05 
-3.820724E-06 
-4.717995E-06 
 6.884766E-06 
 6.109458E-07 
 5.685403E-06 
 1.521083E-07 
-2.282E-05 
 1.900623E-05 
-3.577338E-07 
-1.90846E-05 
-3.981836E-06 
-1.19953E-05 
 1.934268E-05 
-2.201953E-06 
-1.284168E-05 
-1.609267E-05 
 1.801064E-06 
 4.965483E-05 
-5.601864E-06 
 1.993951E-05 
 1.450683E-05 
-2.534629E-06 
-2.583814E-05 
 5.463565E-05 
-4.298911E-06 
-1.849273E-05 
 2.328079E-07 
 1.076077E-05 
 3.532798E-06 
-1.064029E-06 
 6.655487E-06 
-6.568034E-06 
-7.724707E-06 
-2.21695E-05 
 1.118487E-05 
 8.1462E-06 
-1.892713E-05 
-1.691158E-06 
 1.1709E-06 
-1.668615E-05 
 9.212489E-06 
 2.191545E-05 
 8.243525E-06 
 1.382626E-05 
-1.203548E-05 
-2.081065E-05 
-9.58174E-06 
-6.389395E-06 
-5.447642E-06 
 7.106833E-07 
 1.073261E-05 
-3.571265E-06 
-8.616648E-06 
-4.537342E-07 
-1.379179E-05 
-1.01961E-05 
 6.820704E-06 
-2.616895E-05 
-1.804978E-06 
 1.215598E-05 
 7.433872E-06 
 2.443688E-05 
 8.3143E-06 
 6.051127E-06 
 1.26325E-05 
 7.062254E-07 
 1.717894E-05 
-2.094518E-05 
-3.407066E-06 
 1.368248E-05 
 2.995904E-06 
-1.971946E-06 
 1.935262E-07 
 3.377866E-07 
-9.565895E-06 
-1.456038E-05 
-9.401889E-06 
-5.1309E-06 
 2.296621E-06 
 1.249406E-05 
 1.809615E-05 
 8.463813E-06 
-1.197137E-05 
-2.895063E-05 
-2.548869E-05 
 4.891983E-06 
 2.353688E-06 
 7.995532E-06 
-1.146616E-06 
-3.000213E-05 
-1.437742E-05 
 6.022012E-07 
-3.472158E-06 
-5.376215E-06 
-1.01998E-05 
 1.136233E-06 
-4.695455E-06 
-5.693107E-06 
-8.685111E-07 
-4.548265E-06 
-1.541567E-05 
 5.784047E-06 
-1.451658E-06 
 1.702712E-05 
-2.135464E-05 
-1.306075E-05 
 9.472084E-06 
-3.126039E-05 
-2.202209E-05 
-3.247323E-05 
 6.339553E-06 
 2.766648E-05 
 1.982573E-05 
-1.335807E-05 
 1.434732E-06 
 4.093412E-06 
-1.198916E-06 
-4.591922E-06 
-3.412424E-06 
 6.074528E-07 
-7.339705E-06 
-5.399142E-06 
 5.235146E-06 
-8.207518E-06 
 1.737353E-05 
 3.344679E-05 
-1.862863E-05 
 4.660497E-06 
-1.155651E-05 
-8.326656E-06 
-5.802317E-06 
-1.604965E-05 
 1.154352E-05 
 7.31846E-06 
-5.781338E-06 
-2.281156E-06 
 7.437298E-06 
 4.113863E-06 
-9.14315E-06 
-2.013409E-05 
-7.511535E-06 
-1.921539E-05 
 1.218381E-05 
 2.593635E-05 
-3.446342E-06 
-1.858317E-05 
-5.64726E-05 
-3.062419E-05 
 1.527674E-05 
 2.532864E-05 
 1.107486E-05 
-2.434889E-05 
 1.918736E-05 
-1.28724E-05 
 1.891696E-05 
-6.107356E-06 
 1.413679E-05 
 5.886755E-06 
-1.894487E-05 
-3.25258E-06 
 6.520198E-06 
-7.2775E-06 
 5.448346E-06 
 1.99487E-05 
-9.236883E-07 
 3.752032E-06 
 5.247171E-06 
-1.209974E-05 
-3.456076E-06 
-1.187746E-05 
 1.758644E-05 
 6.890957E-06 
-1.0562E-05 
 1.301766E-05 
 4.872549E-05 
 5.392142E-05 
-2.957448E-05 
-3.766471E-05 
 7.677463E-06 
 5.373331E-06 
-1.535774E-05 
-4.679488E-06 
 6.076292E-06 
-1.044792E-05 
 1.10699E-06 
-4.407828E-06 
 4.990919E-06 
-2.115275E-06 
-2.108623E-05 
 3.371078E-06 
-1.944003E-05 
-1.608238E-05 
-8.156988E-06 
 2.274339E-05 
 8.460893E-07 
 1.135283E-05 
 1.251062E-05 
 2.11627E-05 
-7.329958E-06 
-1.967233E-05 
 3.749441E-06 
 6.866015E-06 
-1.504387E-05 
 3.264775E-06 
-4.178511E-06 
 1.342934E-05 
-4.458754E-05 
 8.610587E-06 
 1.547994E-04 
 2.393502E-05 
-3.623144E-05 
 1.110461E-04 
 1.696336E-04 
 9.218584E-05 
-1.950564E-05 
-5.271065E-05 
 4.721475E-06 
-1.277092E-06 
 6.396171E-06 
-8.018262E-06 
 3.56533E-06 
-6.467907E-06 
-2.288651E-05 
 1.389055E-05 
-2.801597E-05 
-8.231606E-06 
 1.285843E-04 
 4.619831E-05 
-1.912652E-05 
 2.150603E-05 
 1.221121E-06 
-3.45742E-06 
-2.167943E-05 
-5.877893E-06 
 4.445837E-05 
-1.361295E-05 
-2.775193E-05 
 5.788724E-06 
-4.87437E-06 
-1.073555E-04 
-1.760188E-04 
-9.926161E-05 
-3.764269E-06 
 5.071831E-05 
-2.907134E-06 
-8.883639E-05 
 3.001667E-05 
 2.251259E-05 
-6.258791E-06 
 1.575564E-06 
 1.434326E-03 
 4.510624E-06 
-2.602556E-06 
 5.135546E-06 
 5.820968E-07 
 4.007804E-06 
 1.373553E-05 
-1.443142E-05 
 2.288236E-05 
 0 
-2.252854E-05 
 1.440975E-05 
-1.406623E-05 
-4.007743E-06 
-4.598904E-07 
-3.668767E-06 
 1.755587E-06 
-4.510619E-06 
-3.051758E-05 
 1.50281E-06 
 7.141168E-06 
-2.251266E-05 
-2.972751E-05 
 1.706829E-05 
 3.628949E-06 
-5.071832E-05 
 4.649719E-06 
 9.961157E-05 
 1.757714E-04 
 1.073557E-04 
 4.608054E-06 
-3.798988E-06 
 2.949641E-05 
 1.361296E-05 
-4.217378E-05 
 7.098173E-06 
 2.164565E-05 
 3.457364E-06 
-1.140649E-06 
-2.071257E-05 
 2.000161E-05 
-4.619835E-05 
-1.264669E-04 
 7.400928E-06 
 2.75946E-05 
-1.389063E-05 
 2.334204E-05 
 8.09532E-06 
-2.6575E-06 
 8.018318E-06 
-7.328374E-06 
 2.733823E-06 
-3.468003E-06 
 5.271074E-05 
 1.975227E-05 
-9.488283E-05 
-1.68059E-04 
-1.110461E-04 
 3.56346E-05 
-2.032817E-05 
-1.552297E-04 
-8.610801E-06 
 4.461405E-05 
-1.343338E-05 
 8.083951E-06 
-3.264737E-06 
 1.702138E-05 
-5.227737E-06 
-3.633166E-06 
 1.967236E-05 
 7.398236E-06 
-2.382065E-05 
-1.357548E-05 
-1.13528E-05 
-4.798371E-07 
-2.178538E-05 
 8.550431E-06 
 1.608245E-05 
 1.926216E-05 
-1.491106E-06 
 2.293013E-05 
 2.115237E-06 
-1.500384E-06 
 5.45982E-06 
-1.255374E-06 
 1.044788E-05 
-5.506907E-06 
-1.271561E-06 
 1.46908E-05 
-5.373127E-06 
-7.650608E-06 
 3.651307E-05 
 2.956249E-05 
-5.39215E-05 
-4.853812E-05 
-1.150894E-05 
 1.238244E-05 
-6.890975E-06 
-1.801729E-05 
 1.326439E-05 
 2.42482E-06 
 1.209958E-05 
-5.651647E-06 
-3.393432E-06 
 1.126029E-06 
-1.994873E-05 
-6.813826E-06 
 7.867272E-06 
-6.829956E-06 
 3.252547E-06 
 1.929365E-05 
-3.106095E-06 
-1.36975E-05 
 6.107364E-06 
-1.909017E-05 
 1.381432E-05 
-1.816079E-05 
 2.43489E-05 
-1.183855E-05 
-2.779477E-05 
-1.337081E-05 
 3.062423E-05 
 5.733097E-05 
 2.416467E-05 
 3.579669E-06 
-2.593629E-05 
-1.210222E-05 
 1.987505E-05 
 2.074239E-05 
 2.013414E-05 
 1.230183E-05 
-2.504848E-06 
-7.696677E-06 
 2.281178E-06 
 4.900683E-06 
-5.04399E-06 
-1.021524E-05 
 1.604969E-05 
 7.660581E-06 
 8.947503E-06 
 1.174687E-05 
-4.660513E-06 
 1.943536E-05 
-3.237076E-05 
-1.873376E-05 
 8.207549E-06 
 9.907763E-06 
 6.211678E-06 
 7.556601E-06 
-6.074479E-07 
 3.260878E-06 
 6.251839E-06 
 2.008048E-06 
-4.093479E-06 
-1.911958E-07 
 8.114528E-06 
-1.906599E-05 
-2.766654E-05 
-6.044857E-06 
 3.281562E-05 
 2.241352E-05 
 3.126045E-05 
-9.920112E-06 
 1.415593E-05 
 2.122541E-05 
-1.702716E-05 
 2.442045E-06 
-3.369224E-06 
 1.627184E-05 
 4.54831E-06 
 4.444878E-06 
 4.876291E-06 
 5.374999E-06 
-1.136217E-06 
 1.015189E-05 
 7.430848E-06 
 2.508838E-06 
-6.021965E-07 
 1.917144E-05 
 2.994545E-05 
 9.521336E-07 
-7.995589E-06 
-1.832552E-06 
-4.237287E-06 
 2.567195E-05 
 2.895062E-05 
 1.300143E-05 
-5.858084E-06 
-1.690668E-05 
-1.249401E-05 
-3.682704E-06 
 6.044144E-06 
 1.08349E-05 
 1.456041E-05 
 7.65371E-06 
 9.963167E-07 
-1.324902E-07 
 1.971961E-06 
-4.341364E-06 
-9.030838E-06 
 1.617937E-06 
 2.094522E-05 
-1.724538E-05 
-1.376762E-06 
-1.281625E-05 
-6.051116E-06 
-8.5251E-06 
-2.406837E-05 
-7.274378E-06 
-1.215598E-05 
 9.684185E-06 
 2.809122E-05 
-6.887759E-06 
 1.019628E-05 
 1.392408E-05 
-3.494638E-06 
 7.670074E-06 
 3.571219E-06 
-9.600362E-06 
 5.387563E-06 
 6.504E-06 
 6.389449E-06 
 8.478966E-06 
 2.183527E-05 
 1.286847E-05 
-1.382628E-05 
-8.498283E-06 
-2.116794E-05 
-9.642667E-06 
 1.668616E-05 
-1.729007E-07 
 6.315324E-06 
 2.028661E-05 
-8.146344E-06 
-8.102632E-06 
 1.709424E-05 
 7.719556E-06 
 6.56805E-06 
-6.30527E-06 
 2.380546E-06 
-2.749869E-06 
-1.076082E-05 
-8.777924E-07 
 2.096666E-05 
 3.59544E-06 
-5.463574E-05 
 2.527831E-05 
 3.645868E-06 
-1.25053E-05 
-1.993959E-05 
 7.570713E-06 
-6.314972E-04 
-2.256335E-06 
 1.609266E-05 
 1.252475E-05 
 3.882476E-06 
-5.263818E-04 
 1.199534E-05 
 8.128115E-06 
 2.021341E-05 
 3.383509E-07 
-1.900629E-05 
 2.187548E-05 
 3.10587E-06 
-6.333383E-06 
-6.109458E-07 
-3.516476E-06 
 2.174495E-06 
 4.361504E-06 
 1.553762E-05 
-5.484565E-06 
 6.300733E-06 
 1.18375E-05 
 4.364976E-05 
 1.11749E-05 
 8.53053E-06 
 1.491408E-05 
 1.052716E-05 
 1.098691E-05 
-7.16377E-05 
 6.92902E-06 
-3.358338E-06 
 1.093854E-07 
 2.798223E-06 
-1.95045E-06 
-9.488751E-06 
 2.508174E-06 
 1.291429E-05 
-1.83786E-05 
-2.632693E-05 
-1.081251E-05 
-8.43829E-06 
 2.568515E-05 
-1.150636E-05 
 2.916182E-05 
 3.905181E-05 
-4.534691E-06 
-1.132161E-06 
 4.104117E-06 
-2.058326E-07 
-3.256252E-06 
-2.26827E-06 
 8.921038E-06 
 1.515884E-05 
-2.645981E-06 
 6.74463E-06 
-2.572561E-06 
-3.958146E-06 
-1.075168E-05 
 8.68397E-06 
 3.285955E-05 
-1.284978E-05 
 4.413531E-05 
 1.945966E-05 
-1.190772E-05 
 2.923892E-05 
 1.930476E-05 
 1.674873E-05 
 1.126695E-05 
 1.316344E-06 
 9.362778E-07 
 3.295386E-06 
-5.059964E-06 
-7.052143E-06 
 1.489167E-05 
 7.070901E-06 
 2.74151E-06 
 2.316249E-05 
-3.404477E-06 
 1.354938E-05 
-5.634355E-06 
 5.402153E-06 
 2.4232E-05 
 4.727669E-06 
-1.874467E-07 
-4.695687E-06 
 8.422726E-06 
 1.254161E-05 
-3.770542E-05 
 1.347784E-05 
-2.305015E-05 
 3.606446E-06 
 2.074204E-05 
 2.645455E-05 
-2.237813E-05 
 5.104908E-06 
-1.983162E-05 
 9.830948E-06 
-1.258793E-05 
 5.519487E-07 
 1.032843E-05 
-7.204051E-06 
 8.571928E-06 
 8.060578E-06 
 1.25578E-05 
 1.632702E-05 
 2.145256E-06 
 7.909979E-06 
 1.485599E-05 
 1.037319E-05 
-1.609383E-05 
 3.686209E-05 
-3.250032E-05 
 1.57939E-06 
-1.103123E-05 
-1.256588E-05 
 9.212576E-06 
 3.326941E-06 
-3.922082E-07 
 8.037754E-06 
-3.608142E-06 
 3.669992E-06 
 1.166173E-05 
-1.067117E-05 
-6.215723E-06 
 5.217469E-05 
-5.410345E-05 
-5.533979E-05 
 1.066945E-06 
 6.097582E-05 
-1.097841E-05 
 1.584419E-06 
-8.722813E-06 
-1.654512E-05 
 1.071172E-05 
 1.216655E-05 
 1.261558E-06 
 8.527378E-06 
-1.001168E-05 
-4.861939E-06 
 1.061551E-05 
 2.907061E-06 
 9.047433E-07 
 1.056601E-05 
-1.939325E-06 
-6.077742E-06 
 2.678697E-05 
 1.756819E-05 
-1.54108E-05 
-1.619304E-05 
-1.30876E-05 
 2.073651E-05 
 6.670604E-06 
-5.402162E-05 
 4.793969E-05 
 6.326962E-05 
 1.400514E-05 
-1.712686E-05 
 2.182906E-05 
 3.243837E-06 
-9.224777E-07 
 1.870994E-05 
 4.505047E-06 
-5.315997E-06 
 1.29513E-07 
 6.733073E-06 
 1.359955E-05 
 5.437049E-06 
-4.932028E-06 
 4.184546E-06 
-5.293689E-06 
-2.04111E-05 
 1.992089E-05 
 8.692174E-06 
-1.426591E-05 
-6.124141E-06 
 4.345953E-05 
 1.091356E-05 
-2.715589E-05 
-8.440688E-05 
 4.585347E-05 
-6.976851E-06 
-2.165218E-05 
-5.781571E-06 
 6.34651E-06 
-1.482723E-05 
-1.752005E-05 
 1.098106E-07 
-4.29244E-06 
-3.593021E-05 
-9.313464E-05 
 9.495678E-05 
-1.3193E-05 
 1.759136E-04 
 3.35039E-05 
-3.560664E-05 
 1.396315E-05 
-5.965376E-05 
 2.84088E-05 
-5.847749E-06 
 1.472375E-05 
-9.094652E-06 
 1.124011E-05 
 1.331032E-05 
-9.161652E-07 
 2.750951E-05 
-1.390173E-05 
 1.880233E-05 
-1.182558E-05 
 1.044368E-05 
 2.999755E-05 
 8.961069E-08 
 2.862811E-06 
 3.184711E-05 
 2.090679E-05 
 1.896353E-05 
-6.694456E-06 
 1.285759E-05 
 9.92132E-05 
-9.18923E-05 
 5.090715E-05 
-1.152578E-04 
-9.164984E-06 
 1.737919E-05 
-1.379613E-05 
 3.6438E-08 
 6.1298E-06 
 6.922337E-06 
-2.137947E-05 
-1.650545E-05 
 2.72786E-05 
 5.972025E-06 
-2.941492E-05 
 3.8982E-06 
-2.664269E-06 
-7.837018E-06 
 1.621116E-05 
 4.319299E-05 
-1.541866E-05 
 1.015659E-05 
 5.439159E-06 
 2.008508E-05 
 1.246263E-05 
-1.776221E-05 
 1.600595E-05 
-1.495446E-06 
-1.728953E-05 
 1.054506E-06 
-1.992597E-05 
-4.142952E-06 
-2.810242E-06 
 3.507328E-06 
 9.847492E-06 
 2.305962E-05 
-4.12435E-05 
 2.885483E-06 
-9.624518E-06 
 1.334726E-04 
 2.961712E-06 
-1.014453E-06 
-3.586935E-06 
-2.712872E-06 
 511.9994 
-1.56561E-05 
 1.56057E-07 
-1.209789E-05 
 1.21418E-07 
 4.204579E-06 
-6.751929E-06 
 7.19017E-05 
 4.805466E-05 
