-1.251698E-05 
 1.79918E-06 
 7.514107E-06 
-3.483858E-06 
 8.311754E-06 
 6.217885E-06 
-4.077218E-05 
 3.018406E-05 
-1.053572E-05 
-3.448946E-05 
 3.227902E-06 
-4.262914E-06 
 4.590139E-06 
-2.087165E-05 
 511.9999 
 4.193042E-06 
 2.28743E-06 
-2.156237E-06 
-4.747326E-06 
 5.224277E-06 
 6.161998E-06 
 5.093279E-07 
 3.142878E-05 
 2.235194E-05 
 6.615955E-07 
-6.323686E-05 
-2.432694E-06 
 1.228401E-05 
-5.400698E-07 
-5.681863E-06 
 2.205607E-07 
 6.0108E-06 
-7.544477E-06 
-2.252191E-06 
 1.138021E-05 
 1.65516E-05 
 1.129484E-05 
 1.807825E-06 
 2.835067E-05 
 1.607862E-05 
-1.730451E-05 
-1.136393E-05 
 2.77106E-05 
-3.643368E-08 
-2.443122E-05 
 3.201032E-05 
 5.231559E-06 
-3.473663E-05 
 2.175525E-05 
 4.337352E-05 
 1.581753E-05 
-6.902102E-05 
-3.742246E-05 
-8.579765E-05 
 2.412406E-05 
 4.600269E-05 
-3.092619E-05 
-2.909818E-05 
 2.537609E-05 
-1.903529E-05 
-9.295003E-06 
-9.595146E-06 
 2.098244E-05 
-1.114438E-05 
-3.162156E-06 
 1.024492E-05 
 2.905122E-06 
 2.656434E-06 
-4.987433E-06 
 2.015948E-05 
-2.804096E-05 
 1.439004E-05 
 1.786515E-05 
-3.455373E-05 
 2.297243E-05 
 5.617541E-06 
-8.942726E-05 
-6.380157E-06 
-2.084252E-05 
 5.585268E-05 
 5.753848E-05 
 7.296369E-05 
-7.591412E-06 
-3.12617E-05 
 3.772767E-05 
 1.071948E-05 
-2.076897E-05 
 2.233169E-05 
 6.701129E-06 
-1.104588E-05 
 4.419833E-07 
 3.59421E-06 
 4.175109E-05 
-2.841531E-05 
-9.068735E-05 
 6.341375E-05 
-6.146426E-06 
-1.683248E-05 
 1.548419E-05 
 6.390085E-06 
-6.192136E-06 
-1.469755E-05 
-5.057159E-06 
-1.811991E-07 
 9.20723E-06 
-8.474374E-06 
 7.936114E-06 
-6.513829E-06 
-2.422525E-05 
 7.263776E-06 
-5.951106E-06 
-5.259268E-06 
 2.830198E-06 
-1.417445E-05 
 1.822152E-05 
 2.013128E-05 
-5.478645E-05 
 5.407355E-05 
 1.769978E-05 
 6.531786E-05 
 4.279893E-06 
-2.53341E-06 
 8.983512E-06 
-2.090268E-05 
-1.266191E-05 
 3.027661E-05 
-1.7396E-06 
-6.569009E-06 
-3.201607E-06 
 1.47673E-05 
 1.613769E-05 
-5.26025E-06 
 7.534372E-07 
 9.85594E-06 
-2.820565E-06 
 1.334945E-05 
 1.563367E-05 
 1.791375E-05 
-2.735107E-06 
-1.088426E-05 
-6.266519E-06 
 1.842195E-05 
-8.669491E-06 
-8.903753E-06 
 7.07771E-05 
-4.836292E-05 
-7.766428E-06 
-3.796584E-05 
 1.016E-05 
-1.56717E-05 
-9.134674E-06 
 1.828776E-05 
-1.912846E-05 
-8.671168E-06 
 1.107425E-05 
-6.257981E-06 
-1.129873E-05 
-5.138494E-06 
 2.311191E-05 
-3.699003E-05 
-7.863537E-06 
-2.16632E-05 
-3.078163E-06 
-2.452155E-06 
-7.674691E-06 
-1.120835E-05 
-7.858058E-06 
 8.82136E-06 
 8.059085E-06 
 2.859551E-06 
-6.76012E-07 
 6.024872E-06 
-5.704944E-06 
 9.217479E-07 
-1.489624E-05 
 3.196471E-06 
 2.70331E-05 
-3.908973E-05 
-7.03099E-06 
-7.128288E-06 
 1.488565E-05 
 4.153651E-05 
-2.036027E-05 
 5.704442E-06 
-3.771862E-05 
-1.25196E-05 
-5.647032E-06 
-1.063202E-05 
-1.317013E-05 
-4.047556E-06 
 7.268339E-06 
-5.719186E-06 
-3.325461E-05 
 7.029967E-07 
 1.061596E-05 
-3.306341E-06 
-3.125419E-07 
 8.277233E-06 
-4.296609E-06 
-2.429896E-06 
-5.832571E-06 
-1.056104E-05 
-1.705524E-05 
-1.907648E-05 
-7.901346E-06 
-5.324224E-06 
 3.307552E-05 
-2.696878E-05 
-8.883377E-06 
-1.002349E-05 
 1.547908E-05 
-2.782399E-05 
 3.745656E-05 
 1.455853E-05 
-2.785196E-06 
 4.341103E-06 
 8.132873E-06 
-1.067662E-05 
-9.683566E-06 
 7.144377E-06 
 4.04948E-08 
-8.681518E-06 
 5.24714E-06 
-5.271072E-07 
-5.1019E-06 
-2.495996E-05 
 1.160034E-05 
 3.129654E-05 
 9.133301E-06 
-1.081006E-05 
 1.505399E-05 
 2.102899E-05 
 1.695729E-05 
-1.129148E-05 
-7.106319E-06 
-3.94226E-06 
 1.972719E-06 
 7.576225E-06 
-1.274756E-05 
 5.998481E-06 
-1.745288E-05 
-1.81726E-05 
-6.191374E-04 
 1.59919E-06 
-1.774405E-05 
 1.532643E-05 
-1.077901E-05 
-5.469786E-04 
 1.514294E-05 
-1.305603E-05 
 4.606273E-06 
 5.399527E-06 
 4.3451E-06 
 3.119293E-05 
-3.317444E-06 
-4.823919E-06 
-2.041459E-06 
 3.524117E-06 
 7.564665E-06 
 1.000667E-05 
-1.369796E-05 
-5.91611E-06 
-1.317689E-05 
 2.344689E-05 
 1.523224E-06 
 2.638989E-05 
-9.481842E-06 
 9.089892E-06 
 2.577044E-05 
 3.231175E-05 
-1.575124E-05 
-6.789056E-06 
-1.371229E-05 
-9.971556E-06 
 2.554306E-05 
 3.179776E-05 
-1.714809E-05 
 2.482541E-06 
-3.377179E-06 
 1.732064E-06 
-1.242886E-05 
-1.249954E-05 
 7.742252E-06 
 9.241996E-06 
 6.158281E-06 
-1.092034E-05 
 7.534639E-06 
 2.747274E-06 
-2.597022E-06 
 2.763672E-06 
 1.116224E-05 
 1.60157E-06 
 9.087224E-06 
 2.467457E-05 
-1.073543E-06 
-5.973088E-07 
-1.500327E-05 
-1.909615E-05 
-2.115415E-06 
 9.189189E-06 
 4.402695E-06 
 1.717774E-06 
-3.917467E-07 
 6.480874E-06 
 9.429991E-06 
 4.114963E-07 
 1.865508E-05 
-1.19698E-05 
 5.335316E-06 
-6.263983E-06 
 6.952883E-06 
 3.283869E-05 
 3.188818E-05 
-2.099816E-07 
 3.671978E-05 
-1.130546E-05 
 1.211366E-05 
-7.132501E-06 
-1.15125E-05 
-1.405706E-05 
-3.540866E-06 
-4.428585E-06 
 5.459054E-06 
-1.274459E-05 
-5.708221E-06 
 1.558758E-06 
 2.035492E-06 
-2.742601E-05 
 1.534669E-05 
 1.09763E-05 
-1.626746E-06 
-1.1587E-06 
 1.68543E-05 
-9.385995E-06 
-3.0821E-05 
-2.291603E-05 
-1.547274E-05 
 1.532763E-05 
 7.750336E-07 
-4.506769E-06 
-3.10307E-05 
 1.383644E-05 
-1.236493E-05 
 1.294742E-05 
 2.585989E-07 
-3.347891E-05 
 2.13014E-05 
 5.977043E-06 
-3.225701E-06 
 3.689235E-06 
 4.851197E-06 
-2.255707E-06 
 1.120169E-05 
-2.06913E-06 
-7.472765E-06 
 1.549125E-05 
-2.180703E-05 
-1.514097E-05 
-7.096582E-06 
 1.038494E-05 
 5.258086E-06 
-2.529192E-06 
 2.97105E-05 
 3.47557E-05 
 1.465314E-05 
 2.053894E-06 
-9.023579E-06 
 1.403592E-05 
 2.156081E-06 
-3.736156E-06 
 5.813054E-06 
 2.057211E-05 
-7.069979E-06 
-9.479629E-06 
 1.292868E-05 
-8.074013E-06 
 3.079491E-05 
 4.566926E-05 
-3.610166E-05 
-1.552584E-05 
 1.011477E-05 
 1.130865E-05 
 1.754014E-05 
-1.156491E-05 
 1.860938E-05 
 8.863074E-06 
 1.232875E-05 
 2.115123E-06 
-2.261744E-06 
 1.085582E-05 
-4.770164E-06 
 6.292583E-07 
 1.365647E-05 
-4.384007E-06 
 1.768691E-05 
 3.038428E-05 
-8.28428E-06 
-1.518588E-06 
-1.870942E-05 
-7.909719E-06 
 5.404893E-05 
 3.651471E-05 
 1.626484E-05 
 1.131968E-05 
 3.129515E-06 
 1.124763E-07 
 1.469052E-05 
 2.258315E-05 
-9.198838E-06 
 2.046261E-06 
-4.746769E-06 
 1.229112E-05 
 8.23708E-06 
 1.066577E-05 
 9.197667E-06 
 2.936053E-06 
 1.607147E-06 
-9.727464E-07 
 1.056263E-05 
 4.432024E-06 
-6.068416E-06 
 1.212848E-05 
 8.166548E-06 
 2.332178E-05 
 4.241313E-06 
 2.39519E-06 
 4.329087E-05 
 1.562373E-05 
-6.670117E-05 
-3.21562E-05 
 7.503582E-06 
 8.040133E-06 
 1.769038E-06 
-4.496898E-06 
 1.453079E-05 
 1.429297E-06 
-4.408594E-06 
-7.724227E-07 
 1.038162E-05 
 2.442026E-06 
-7.603555E-06 
 9.521915E-06 
-8.285938E-06 
 2.471907E-05 
 5.846296E-06 
 3.70397E-05 
 9.799756E-06 
-1.205189E-06 
 2.714257E-05 
 1.109737E-05 
-3.455194E-06 
-6.188719E-06 
 1.117198E-05 
 2.5873E-05 
-1.070309E-05 
 2.145585E-05 
 2.527691E-05 
 1.33925E-05 
 1.825792E-05 
 2.73867E-05 
 1.401472E-04 
 3.914967E-05 
-6.677595E-05 
 7.231976E-05 
 8.475671E-05 
-2.315297E-05 
-1.097385E-04 
-1.288569E-04 
-3.197758E-05 
 1.954571E-06 
-1.376788E-05 
-2.829499E-05 
-8.681502E-06 
-2.006557E-05 
-2.043216E-05 
 3.114742E-07 
 2.940521E-06 
-1.728549E-05 
 8.140536E-05 
 2.262052E-05 
-1.051488E-04 
-3.139652E-05 
-2.350395E-05 
-3.236422E-05 
-2.449612E-05 
-3.155574E-05 
 6.015706E-06 
-5.561553E-05 
-4.595667E-05 
-1.165987E-05 
-2.809704E-05 
-9.709012E-05 
-1.150738E-04 
-1.305423E-05 
 1.186218E-04 
 1.049693E-04 
 3.299051E-05 
-8.197057E-06 
 1.449585E-03 
 2.87602E-05 
 2.670702E-06 
 3.193892E-06 
 2.012077E-05 
 8.871731E-05 
-6.751782E-06 
-1.753482E-06 
 5.112747E-06 
 7.500983E-06 
-3.098207E-06 
 7.655074E-06 
 2.395087E-06 
-1.552966E-05 
-1.052022E-05 
-1.530853E-05 
 2.811861E-06 
 7.608979E-06 
-3.098221E-06 
 6.890062E-06 
 5.824713E-06 
-3.974737E-06 
-6.751789E-06 
 1.077709E-05 
 2.01224E-05 
 4.031212E-06 
 2.670684E-06 
 2.915709E-05 
 7.629395E-05 
-1.12739E-05 
 3.299053E-05 
 1.053453E-04 
 1.191038E-04 
-1.248969E-05 
-1.150739E-04 
-9.735352E-05 
-2.78797E-05 
-1.394174E-05 
-4.595667E-05 
-6.105547E-05 
 5.542691E-06 
-3.1156E-05 
-2.449614E-05 
-3.102619E-05 
-2.371215E-05 
-3.38737E-05 
-1.051489E-04 
 2.529771E-05 
 7.759106E-05 
-1.752709E-05 
 2.940475E-06 
 1.116817E-06 
-1.95215E-05 
-2.473412E-05 
-8.681467E-06 
-3.188325E-05 
-1.52144E-05 
 2.207281E-06 
-3.197756E-05 
-1.285561E-04 
-1.209275E-04 
-2.472467E-05 
 8.475677E-05 
 7.20189E-05 
-6.011758E-05 
 3.884152E-05 
 1.401474E-04 
 2.905534E-05 
 1.672772E-05 
 1.157031E-05 
 2.527702E-05 
 2.082626E-05 
-1.144226E-05 
 2.60273E-05 
 1.117203E-05 
-6.362169E-06 
 1.383834E-06 
 1.027267E-05 
 2.714257E-05 
-9.923551E-07 
 8.241826E-06 
 3.727058E-05 
 5.846301E-06 
 2.376817E-05 
-7.683499E-06 
 1.157934E-05 
-7.603631E-06 
 7.808931E-06 
 7.851508E-06 
-7.615486E-07 
-4.408364E-06 
 1.503423E-06 
 2.741717E-06 
-5.627571E-06 
 1.768902E-06 
 7.58448E-06 
 1.385858E-05 
-3.155566E-05 
-6.670137E-05 
 1.473716E-05 
 4.335933E-05 
 4.984393E-06 
 4.241307E-06 
 2.324339E-05 
 7.294718E-06 
 1.096303E-05 
-6.068511E-06 
 4.465812E-06 
 1.358527E-05 
-3.342069E-06 
 1.607154E-06 
 4.765328E-06 
 1.245228E-05 
 1.052031E-05 
 8.237103E-06 
 1.253029E-05 
-4.548075E-06 
 4.092796E-06 
-9.198879E-06 
 2.695118E-05 
 1.40802E-05 
-3.928578E-07 
 3.129573E-06 
 1.018237E-05 
 1.442334E-05 
 3.642616E-05 
 5.4049E-05 
-5.170014E-06 
-1.879645E-05 
-1.203778E-06 
-8.284203E-06 
 3.01866E-05 
 1.810869E-05 
-1.112733E-05 
 1.365648E-05 
-5.954192E-07 
-5.640072E-06 
 1.071233E-05 
-2.261726E-06 
 1.932588E-06 
 1.318336E-05 
 9.156711E-06 
 1.860941E-05 
-9.333421E-06 
 1.192949E-05 
 1.157141E-05 
 1.011479E-05 
-1.507737E-05 
-3.696957E-05 
 4.411746E-05 
 3.079494E-05 
-1.179495E-05 
 1.20677E-05 
-8.991578E-06 
-7.069974E-06 
 1.979102E-05 
 8.557186E-06 
-4.801814E-06 
 2.155983E-06 
 1.626849E-05 
-5.403792E-06 
 2.023762E-06 
 1.465315E-05 
 3.482823E-05 
 2.963717E-05 
-1.88124E-06 
 5.258117E-06 
 1.147845E-05 
-8.485529E-06 
-1.481808E-05 
-2.180706E-05 
 1.557889E-05 
-5.20723E-07 
-2.475605E-06 
 1.120172E-05 
-1.428189E-07 
-5.010622E-08 
 2.355042E-06 
-3.225726E-06 
 6.396388E-06 
 2.078913E-05 
-3.582026E-05 
 2.585825E-07 
 8.280344E-06 
-1.400125E-05 
 1.385372E-05 
-3.103075E-05 
-4.566168E-06 
 3.193717E-06 
 1.362717E-05 
-1.547275E-05 
-2.37906E-05 
-1.335999E-05 
-1.071257E-05 
 1.685433E-05 
-1.685839E-06 
-1.786524E-06 
 2.671948E-07 
 1.534674E-05 
-2.897266E-05 
 1.467582E-06 
 1.858144E-06 
-5.708204E-06 
-1.325106E-05 
 6.5944E-06 
-5.12217E-06 
-3.540864E-06 
-1.209974E-05 
-1.32671E-05 
-6.366236E-06 
 1.211369E-05 
-1.137191E-05 
 3.691551E-05 
-6.956249E-07 
 3.188826E-05 
 2.556149E-05 
 4.521957E-06 
-6.131094E-06 
 5.335188E-06 
-1.176832E-05 
 4.406997E-06 
-1.41495E-06 
 9.429878E-06 
 7.440878E-06 
-1.43638E-06 
 1.155152E-06 
 4.402762E-06 
 8.845916E-06 
-3.318868E-06 
-1.659548E-05 
-1.500328E-05 
-1.566903E-06 
-2.971444E-06 
 2.376448E-05 
 9.08722E-06 
 1.815557E-06 
 1.490118E-05 
-1.497845E-06 
-2.596947E-06 
 2.064057E-06 
 4.860214E-06 
-1.144194E-05 
 6.15831E-06 
 8.620675E-06 
 6.193571E-06 
-1.28764E-05 
-1.242883E-05 
-2.110141E-07 
-4.126241E-06 
 1.835197E-06 
-1.714791E-05 
 3.10965E-05 
 2.640089E-05 
-1.198881E-05 
-1.371239E-05 
-6.307941E-06 
-5.10013E-04 
 3.278856E-05 
 2.577047E-05 
 9.038386E-06 
-1.061345E-05 
 6.10234E-04 
 1.523224E-06 
 2.700844E-05 
-1.488565E-05 
-6.937529E-06 
-1.369799E-05 
 9.463125E-06 
 1.196052E-05 
 3.324626E-06 
-2.041459E-06 
-3.112546E-06 
-6.707734E-06 
 3.132637E-05 
 4.345101E-06 
 5.179668E-06 
 3.267248E-06 
-1.025422E-05 
 1.514287E-05 
-5.04718E-05 
-1.293623E-05 
 1.512481E-05 
-1.774401E-05 
 2.548387E-06 
-3.002513E-05 
-1.829613E-05 
-1.745287E-05 
 4.989835E-06 
-1.114568E-05 
 6.662012E-06 
 1.972732E-06 
-4.201573E-06 
-8.459704E-06 
-7.017605E-06 
 1.695723E-05 
 2.553885E-05 
 1.374285E-05 
-1.134276E-05 
 9.13325E-06 
 3.066289E-05 
 1.082666E-05 
-2.641829E-05 
-5.102015E-06 
 2.795919E-06 
 7.381414E-07 
-7.939694E-06 
 4.049525E-08 
 6.056594E-06 
-9.677918E-06 
-1.18266E-05 
 8.132833E-06 
 2.469465E-06 
-4.415831E-06 
 1.423309E-05 
 3.745648E-05 
-2.777867E-05 
 1.570283E-05 
-9.796839E-06 
-8.883359E-06 
-2.767812E-05 
 3.650149E-05 
-5.519269E-06 
-7.901332E-06 
-1.900222E-05 
-1.904419E-05 
-1.476971E-05 
-5.832544E-06 
-1.851738E-06 
-7.354036E-06 
 7.3644E-06 
-3.12521E-07 
-4.263461E-06 
 1.204144E-05 
-7.943895E-07 
-3.325455E-05 
-5.819899E-06 
 4.039335E-06 
-5.556136E-06 
-1.31701E-05 
-1.155564E-05 
-7.374649E-06 
-8.160324E-06 
-3.771855E-05 
-4.99746E-07 
-2.297225E-05 
 4.129508E-05 
 1.48856E-05 
-8.282986E-06 
-1.84048E-05 
-4.195449E-05 
 2.703311E-05 
 2.235024E-06 
-9.352767E-06 
 3.737084E-07 
-5.704994E-06 
 4.885465E-06 
-1.652214E-06 
-1.875719E-06 
 8.059073E-06 
 1.159841E-05 
-1.241029E-05 
-1.159995E-05 
-7.674689E-06 
-2.353397E-06 
-5.016787E-06 
-2.50244E-05 
-7.863524E-06 
-3.543051E-05 
 1.808306E-05 
-5.576803E-06 
-1.129874E-05 
-7.164217E-06 
 8.788322E-06 
-9.760877E-06 
-1.912841E-05 
 1.206034E-05 
-1.22691E-05 
-1.624655E-05 
 1.015999E-05 
-3.898856E-05 
-1.278289E-05 
-5.053504E-05 
 7.077699E-05 
-8.245031E-06 
-5.238121E-06 
 1.750343E-05 
-6.266522E-06 
-1.094905E-05 
-3.985686E-06 
-2.831009E-05 
 1.563369E-05 
 1.357819E-05 
-5.870134E-06 
 9.090578E-06 
 7.534441E-07 
-6.127369E-06 
 1.475108E-05 
 1.289906E-05 
-3.201579E-06 
-7.434307E-06 
-6.600364E-06 
 3.057112E-05 
-1.26619E-05 
-2.157068E-05 
 6.602036E-06 
 4.851201E-07 
 4.279897E-06 
 2.566867E-05 
 1.300421E-05 
 4.97221E-05 
-5.478638E-05 
 1.935256E-05 
 3.562932E-06 
-1.863813E-05 
 2.830282E-06 
-5.506698E-06 
-9.741325E-07 
 6.61162E-06 
-2.422524E-05 
-6.825616E-06 
 5.137162E-06 
-7.730305E-06 
 9.207198E-06 
-3.464252E-07 
-1.04307E-05 
-1.45753E-05 
-6.192095E-06 
 2.987149E-06 
 1.626463E-05 
-1.855208E-05 
-6.146423E-06 
 6.190406E-05 
-9.753663E-05 
-2.857402E-05 
 4.175101E-05 
 2.553076E-06 
-3.371275E-06 
-1.431873E-05 
 6.701123E-06 
 1.941866E-05 
-2.780245E-05 
 1.01148E-05 
 3.77275E-05 
-3.16386E-05 
-1.670559E-06 
 7.563728E-05 
 5.753837E-05 
 5.547726E-05 
-2.025512E-05 
-7.456262E-06 
-8.942715E-05 
 4.748237E-06 
 1.919972E-05 
-5.788303E-05 
 1.78651E-05 
 1.728302E-05 
-3.5919E-05 
 1.920661E-05 
-4.987407E-06 
 2.014576E-06 
 3.269938E-07 
 4.601744E-06 
-3.162096E-06 
-9.08594E-06 
 1.096027E-05 
-9.833322E-06 
-9.294977E-06 
-1.93831E-05 
 2.089988E-05 
-2.32395E-05 
-3.092613E-05 
 2.340543E-05 
 1.224416E-05 
-8.744781E-05 
-3.742209E-05 
-7.029323E-05 
 5.067304E-06 
 3.933895E-05 
 2.175543E-05 
-3.724938E-05 
 1.290839E-05 
 2.416477E-05 
-2.443133E-05 
-1.032666E-06 
 1.979147E-05 
-2.189149E-05 
-1.73045E-05 
 1.935313E-05 
 9.452166E-06 
-6.702589E-07 
 1.129481E-05 
 1.514879E-05 
 4.68472E-06 
-1.041386E-05 
-7.544721E-06 
 2.937876E-06 
-2.119778E-05 
-7.993958E-06 
-5.401444E-07 
 7.287534E-06 
-1.386825E-05 
-5.563844E-05 
 6.61501E-07 
 1.362344E-05 
-2.515605E-05 
-3.64986E-06 
 6.161736E-06 
 3.065399E-06 
 2.572218E-06 
-2.581296E-05 
 2.287588E-06 
-2.12242E-07 
 511.9995 
-3.456355E-05 
 4.590102E-06 
-6.93568E-06 
-1.465584E-05 
-7.612939E-05 
-1.05358E-05 
 4.296686E-05 
 1.224158E-05 
 2.024831E-05 
 8.311746E-06 
-8.069122E-06 
-5.705074E-06 
 2.415615E-05 
