 1 
 1.051508 
 1.0955 
 1.13189 
 1.160645 
 1.181789 
 1.195397 
 1.201597 
 1.200566 
 1.19253 
 1.177763 
 1.156579 
 1.129334 
 1.096423 
 1.058271 
 1.015336 
 .9681009 
 .9170698 
 .8627659 
 .8057256 
 .7464939 
 .685621 
 .6236574 
 .5611492 
 .4986346 
 .436639 
 .3756712 
 .3162193 
 .2587477 
 .2036926 
 .151459 
 .1024187 
 5.690587E-02 
 1.521599E-02 
-2.239609E-02 
-5.571908E-02 
-8.458561E-02 
-.1088737 
-.1285067 
-.1434545 
-.1537328 
-.1594028 
-.16057 
-.1573837 
-.1500346 
-.1387535 
-.1238087 
-.1055035 
-8.417365E-02 
-6.018353E-02 
-3.392431E-02 
-5.808115E-03 
 2.373234E-02 
 5.425227E-02 
 8.529326E-02 
 .1163932 
 .1470847 
 .176904 
 .2053918 
 .2321002 
 .2565929 
 .2784546 
 .2972885 
 .3127253 
 .3244233 
 .3320736 
 .3354009 
 .3341693 
 .3281811 
 .3172819 
 .3013604 
 .2803508 
 .2542336 
 .2230362 
 .1868332 
 .1457466 
 9.994435E-02 
 4.964096E-02 
-4.903913E-03 
-6.338913E-02 
-.1254708 
-.1907667 
-.2588583 
-.3292942 
-.4015912 
-.4752411 
-.549711 
-.6244505 
-.6988918 
-.7724587 
-.8445659 
-.9146276 
-.9820604 
-1.046287 
-1.106741 
-1.162873 
-1.214153 
-1.260076 
-1.300165 
-1.333976 
-1.361099 
-1.381169 
-1.393858 
-1.398887 
-1.396024 
-1.38509 
-1.365958 
-1.338553 
-1.302858 
-1.258912 
-1.20681 
-1.146704 
-1.078803 
-1.003369 
-.920721 
-.8312305 
-.7353181 
-.6334529 
-.5261508 
-.4139684 
-.2975035 
-.1773869 
-5.428183E-02 
 7.112113E-02 
 .1981074 
 .3259483 
 .4538979 
 .581203 
 .7071065 
 .8308552 
 .9516992 
 1.068902 
 1.181743 
 1.289524 
 1.391573 
 1.487246 
 1.575937 
 1.65708 
 1.730149 
 1.794667 
 1.850208 
 1.896398 
 1.932918 
 1.959508 
 1.97597 
 1.982165 
 1.978016 
 1.963513 
 1.938705 
 1.903707 
 1.858696 
 1.803911 
 1.73965 
 1.66627 
 1.584183 
 1.493857 
 1.395806 
 1.290595 
 1.178829 
 1.061156 
 .9382536 
 .8108356 
 .67964 
 .5454245 
 .4089629 
 .2710422 
 .1324544 
-6.006807E-03 
-.1435537 
-.2794082 
-.4128044 
-.5429963 
-.6692641 
-.7909145 
-.9072869 
-1.017761 
-1.121754 
-1.218731 
-1.308202 
-1.38973 
-1.462929 
-1.527473 
-1.583088 
-1.629563 
-1.666744 
-1.694538 
-1.712912 
-1.721896 
-1.721574 
-1.712093 
-1.693655 
-1.666516 
-1.630987 
-1.587426 
-1.536239 
-1.477878 
-1.412833 
-1.341631 
-1.26483 
-1.18302 
-1.096814 
-1.006837 
-.9137373 
-.8181701 
-.720796 
-.6222751 
-.5232643 
-.4244112 
-.3263517 
-.229699 
-.1350488 
-4.297048E-02 
 .0459987 
 .1313529 
 .2126237 
 .2893822 
 .3612412 
 .427859 
 .488941 
 .5442387 
 .5935543 
 .6367393 
 .6736965 
 .7043778 
 .7287893 
 .7469816 
 .7590565 
 .7651624 
 .7654927 
 .7602828 
 .7498116 
 .7343945 
 .7143776 
 .6901436 
 .662101 
 .630682 
 .5963414 
 .5595478 
 .5207832 
 .4805386 
 .439304 
 .3975731 
 .3558358 
 .3145705 
 .2742435 
 .2353044 
 .198182 
 .1632819 
 .1309791 
 .1016212 
 7.552046E-02 
 5.295342E-02 
 3.415799E-02 
 1.933146E-02 
 8.629262E-03 
 2.163112E-03 
-1.192093E-07 
 2.163053E-03 
 8.629322E-03 
 1.933181E-02 
 3.415829E-02 
 5.295372E-02 
 7.552076E-02 
 .1016206 
 .1309784 
 .1632814 
 .1981825 
 .235305 
 .274244 
 .3145711 
 .3558365 
 .3975726 
 .4393028 
 .4805374 
 .5207837 
 .5595485 
 .596342 
 .6306835 
 .6620998 
 .6901425 
 .7143765 
 .7343934 
 .7498121 
 .7602833 
 .7654931 
 .7651627 
 .7590558 
 .7469809 
 .7287889 
 .704378 
 .6736965 
 .6367394 
 .5935543 
 .5442387 
 .488941 
 .4278593 
 .3612407 
 .2893811 
 .2126226 
 .131353 
 4.599875E-02 
-4.297042E-02 
-.135048 
-.229698 
-.3263508 
-.4244119 
-.523265 
-.6222758 
-.7207966 
-.8181711 
-.9137362 
-1.006836 
-1.096812 
-1.183021 
-1.264831 
-1.341631 
-1.412834 
-1.477877 
-1.536238 
-1.587425 
-1.630986 
-1.666516 
-1.693655 
-1.712094 
-1.721575 
-1.721896 
-1.712913 
-1.694538 
-1.666744 
-1.629563 
-1.583088 
-1.527473 
-1.462929 
-1.389729 
-1.308201 
-1.218732 
-1.121755 
-1.017761 
-.9072873 
-.7909138 
-.6692635 
-.5429972 
-.4128045 
-.2794083 
-.1435539 
-6.006018E-03 
 .1324561 
 .2710421 
 .4089628 
 .5454225 
 .679639 
 .8108356 
 .9382534 
 1.061155 
 1.17883 
 1.290596 
 1.395807 
 1.493856 
 1.584184 
 1.66627 
 1.73965 
 1.803911 
 1.858696 
 1.903707 
 1.938705 
 1.963513 
 1.978016 
 1.982165 
 1.97597 
 1.959508 
 1.932917 
 1.896397 
 1.850209 
 1.794668 
 1.730149 
 1.65708 
 1.575938 
 1.487246 
 1.391572 
 1.289524 
 1.181742 
 1.068901 
 .9516972 
 .8308528 
 .7071093 
 .5812048 
 .4538994 
 .3259497 
 .1981087 
 7.112125E-02 
-5.428168E-02 
-.1773868 
-.2975039 
-.4139695 
-.5261518 
-.6334543 
-.7353176 
-.8312304 
-.9207212 
-1.003369 
-1.078802 
-1.146704 
-1.20681 
-1.258913 
-1.302859 
-1.338554 
-1.365959 
-1.385091 
-1.396023 
-1.398886 
-1.393857 
-1.381168 
-1.361099 
-1.333974 
-1.300164 
-1.260078 
-1.214155 
-1.162875 
-1.106742 
-1.046288 
-.9820615 
-.914628 
-.8445659 
-.7724583 
-.6988916 
-.6244497 
-.5497104 
-.47524 
-.4015901 
-.3292928 
-.2588571 
-.1907677 
-.1254713 
-6.339014E-02 
-4.904866E-03 
 4.964054E-02 
 9.994394E-02 
 .1457462 
 .1868332 
 .2230363 
 .2542337 
 .2803509 
 .3013605 
 .317282 
 .3281813 
 .3341677 
 .3353993 
 .3320741 
 .3244241 
 .3127259 
 .2972892 
 .2784552 
 .2565939 
 .2321007 
 .2053926 
 .1769045 
 .1470852 
 .1163916 
 8.529189E-02 
 5.425042E-02 
 2.373077E-02 
-5.810112E-03 
-3.392252E-02 
-6.018198E-02 
-8.417219E-02 
-.1055023 
-.1238077 
-.1387526 
-.1500338 
-.1573843 
-.1605706 
-.1594033 
-.1537333 
-.1434548 
-.128507 
-.1088739 
-8.458549E-02 
-5.571872E-02 
-2.239639E-02 
 1.521564E-02 
 5.690539E-02 
 .1024179 
 .1514584 
 .2036922 
 .2587475 
 .3162193 
 .3756711 
 .4366392 
 .498635 
 .5611499 
 .6236582 
 .6856221 
 .746495 
 .805727 
 .8627647 
 .9170688 
 .9680999 
 1.015336 
 1.058271 
 1.096423 
 1.129334 
 1.156578 
 1.177763 
 1.19253 
 1.200565 
 1.201597 
 1.195399 
 1.181791 
 1.160647 
 1.13189 
 1.0955 
 1.051508 
 .9999999 
 .9411173 
 .8750552 
 .802063 
 .7224423 
 .6365458 
 .5447775 
 .4475823 
 .3454554 
 .2389312 
 .1285825 
 1.501596E-02 
-.1011304 
-.219189 
-.33848 
-.458296 
-.5779195 
-.696625 
-.8136825 
-.9283662 
-1.039954 
-1.147737 
-1.251021 
-1.349134 
-1.441429 
-1.52729 
-1.606135 
-1.677423 
-1.740651 
-1.795365 
-1.841166 
-1.877698 
-1.904665 
-1.921828 
-1.929008 
-1.926086 
-1.913005 
-1.889771 
-1.856452 
-1.81318 
-1.760147 
-1.697609 
-1.625879 
-1.545327 
-1.456382 
-1.359521 
-1.255274 
-1.144217 
-1.026968 
-.9041846 
-.7765586 
-.6448121 
-.5096923 
-.3719674 
-.2324213 
-9.185014E-02 
 4.894981E-02 
 .1891765 
 .3280346 
 .4647388 
 .5985153 
 .7286211 
 .8543271 
 .9749374 
 1.08979 
 1.198261 
 1.299769 
 1.393776 
 1.479797 
 1.557397 
 1.626192 
 1.685862 
 1.736136 
 1.776812 
 1.807748 
 1.828856 
 1.840119 
 1.841574 
 1.833325 
 1.81553 
 1.788411 
 1.752241 
 1.707353 
 1.654126 
 1.59299 
 1.52442 
 1.448933 
 1.367084 
 1.27946 
 1.18668 
 1.089386 
 .9882439 
 .883927 
 .7771262 
 .6685398 
 .558861 
 .4487869 
 .3390001 
 .2301697 
 .1229544 
 1.798099E-02 
-8.413929E-02 
-.1828365 
-.2775629 
-.3678201 
-.4531374 
-.5331005 
-.6073262 
-.6754963 
-.737324 
-.7925856 
-.8411101 
-.8827668 
-.917493 
-.9452633 
-.9661193 
-.9801383 
-.9874622 
-.988266 
-.9827845 
-.9712819 
-.9540772 
-.9315163 
-.9039799 
-.8718892 
-.8356798 
-.795823 
-.7527973 
-.707108 
-.6592603 
-.6097761 
-.5591703 
-.5079643 
-.4566648 
-.4057745 
-.3557813 
-.3071492 
-.2603262 
-.2157321 
-.173754 
-.1347516 
-9.904927E-02 
-.0669322 
-3.864724E-02 
-1.439953E-02 
 5.649686E-03 
 .0213815 
 3.272325E-02 
 3.964841E-02 
 .0421722 
 4.036015E-02 
 3.431571E-02 
 2.419257E-02 
 1.017827E-02 
-7.488549E-03 
-2.854741E-02 
-.0526861 
-.0795719 
-.1088347 
-.1400771 
-.1728878 
-.2068237 
-.2414388 
-.2762621 
-.3108289 
-.3446567 
-.3772781 
-.408216 
-.4370171 
-.4632226 
-.4864171 
-.5061835 
-.5221335 
-.5339184 
-.5412061 
-.5437145 
-.541184 
-.5334102 
-.5202167 
-.5014858 
-.477132 
-.4471303 
-.4114944 
-.3702864 
-.3236268 
-.2716733 
-.214641 
-.1527824 
-8.640558E-02 
-1.585245E-02 
 5.848462E-02 
 .136182 
 .2167725 
 .2997626 
 .3846226 
 .4708011 
 .5577233 
 .6447941 
 .7314067 
 .8169429 
 .90078 
 .9822913 
 1.060864 
 1.135885 
 1.206755 
 1.272895 
 1.333746 
 1.388779 
 1.437492 
 1.479417 
 1.514131 
 1.541243 
 1.560418 
 1.571358 
 1.573827 
 1.56763 
 1.55264 
 1.528774 
 1.496018 
 1.454408 
 1.404037 
 1.345068 
 1.277708 
 1.202235 
 1.118969 
 1.028299 
 .9306496 
 .8265119 
 .7164078 
 .600918 
 .4806481 
 .3562549 
 .2284199 
 9.784234E-02 
-3.473431E-02 
-.1685693 
-.302879 
-.436911 
-.5698652 
-.7009866 
-.8294833 
-.9546103 
-1.075626 
-1.191799 
-1.30245 
-1.406898 
-1.50453 
-1.594741 
-1.677001 
-1.750799 
-1.815696 
-1.871289 
-1.917248 
-1.953285 
-1.979186 
-1.994788 
-2 
-1.994788 
-1.979185 
-1.953284 
-1.917248 
-1.871289 
-1.815696 
-1.750798 
-1.677001 
-1.594741 
-1.504529 
-1.406897 
-1.30245 
-1.191801 
-1.075626 
-.9546171 
-.829483 
-.700986 
-.5698646 
-.4369104 
-.3028785 
-.1685688 
-.0347338 
 9.783932E-02 
 .2284167 
 .3562554 
 .4806515 
 .6009185 
 .7164109 
 .8265124 
 .9306519 
 1.028299 
 1.118968 
 1.202235 
 1.277707 
 1.345068 
 1.404037 
 1.454404 
 1.496018 
 1.528774 
 1.552641 
 1.567629 
 1.573827 
 1.571356 
 1.560418 
 1.541241 
 1.514131 
 1.47942 
 1.43749 
 1.388782 
 1.333746 
 1.272899 
 1.206755 
 1.135889 
 1.060864 
 .9822949 
 .900776 
 .8169425 
 .7314026 
 .6447938 
 .5577196 
 .4708017 
 .3846253 
 .2997623 
 .216775 
 .1361817 
 5.848646E-02 
-1.585269E-02 
-8.640414E-02 
-.1527826 
-.2146403 
-.2716735 
-.323627 
-.3702865 
-.4114914 
-.4471298 
-.4771321 
-.5014847 
-.5202168 
-.533412 
-.541184 
-.5437169 
-.5412061 
-.5339212 
-.5221335 
-.5061828 
-.486417 
-.4632261 
-.4370133 
-.4082158 
-.3772742 
-.3446566 
-.310825 
-.276262 
-.2414424 
-.2068236 
-.1728912 
-.1400771 
-.1088349 
-7.957185E-02 
-5.268872E-02 
-2.854723E-02 
-7.490814E-03 
 1.018041E-02 
 2.419245E-02 
 3.431738E-02 
 4.036021E-02 
 4.217321E-02 
 3.964836E-02 
 .0327239 
 2.138138E-02 
 5.649984E-03 
-1.439953E-02 
-3.864628E-02 
-6.693232E-02 
-9.904766E-02 
-.1347516 
-.1737519 
-.2157324 
-.2603263 
-.3071523 
-.3557816 
-.4057799 
-.456665 
-.507968 
-.5591704 
-.6097726 
-.6592605 
-.7071045 
-.7527975 
-.7958193 
-.8356799 
-.8718857 
-.9039833 
-.9315131 
-.9540804 
-.971282 
-.9827872 
-.9882659 
-.9874645 
-.9801382 
-.9661175 
-.9452631 
-.9174918 
-.8827667 
-.8411096 
-.7925894 
-.737324 
-.675496 
-.6073268 
-.5330991 
-.4531371 
-.3678179 
-.2775626 
-.1828337 
-8.413887E-02 
 1.797861E-02 
 .1229548 
 .2301669 
 .3389982 
 .4487838 
 .5588615 
 .6685365 
 .7771266 
 .8839236 
 .9882443 
 1.089386 
 1.186684 
 1.279461 
 1.367088 
 1.448933 
 1.524423 
 1.59299 
 1.654123 
 1.707353 
 1.752239 
 1.788411 
 1.815528 
 1.833325 
 1.841572 
 1.840119 
 1.828855 
 1.807748 
 1.776814 
 1.736136 
 1.685861 
 1.62619 
 1.557397 
 1.479798 
 1.393777 
 1.299769 
 1.198261 
 1.089791 
 .9749369 
 .8543315 
 .7286206 
 .5985201 
 .4647347 
 .328036 
 .1891722 
 4.895117E-02 
-9.185451E-02 
-.2324218 
-.3719661 
-.5096929 
-.6448108 
-.7765592 
-.9041799 
-1.026968 
-1.144213 
-1.255274 
-1.359517 
-1.456383 
-1.545325 
-1.625881 
-1.697609 
-1.76015 
-1.81318 
-1.856454 
-1.889771 
-1.913005 
-1.926086 
-1.929009 
-1.921828 
-1.904666 
-1.877697 
-1.841167 
-1.795365 
-1.740651 
-1.677419 
-1.606135 
-1.527287 
-1.441428 
-1.349131 
-1.251021 
-1.147741 
-1.039954 
-.9283706 
-.813682 
-.6966284 
-.5779178 
-.4582992 
-.3384782 
-.219192 
-.1011282 
 1.501644E-02 
 .1285842 
 .2389317 
 .3454565 
 .4475827 
 .5447741 
 .636548 
 .7224413 
 .8020651 
 .8750548 
 .9411156 
